46 45
57 32 0     57 58 0     60 58 0     68 58 0
71 55 0     71 47 0     69 45 0     71 43 0
71 34 0     69 32 0     60 32 0

60 35 0     60 44 0     60 46 0     60 54 0
66 54 0     68 52 0     68 48 0     66 46 0
66 44 0     68 42 0     68 39 0     67 35 0

57 32 10     57 58 10     60 58 10     68 58 10
71 55 10     71 47 10     69 45 10     71 43 10
71 34 10     69 32 10     60 32 10

60 35 10     60 44 10     60 46 10     60 54 10
66 54 10     68 52 10     68 48 10     66 46 10
66 44 10     68 42 10     68 39 10     67 35 10

4   0 1 2 10
4   2 3 15 14
4   3 4 16 15
4   4 5 17 16
4   5 6 18 17
3   6 19 18
4   6 7 20 19
4   7 8 21 20
4   8 9 22 21
4   9 10 11 22
4   12 13 18 19

4   0 1 24 23
4   1 2 25 24
4   2 3 26 25
4   3 4 27 26
4   4 5 28 27
4   5 6 29 28
4   6 7 30 29
4   7 8 31 30
4   8 9 32 31
4   9 10 33 32
4   10 0 23 33

4   23 24 25 33
4   25 26 38 37
4   26 27 39 38
4   27 28 40 39
4   28 29 41 40
3   29 42 41
4   29 30 43 42
4   30 31 44 43
4   31 32 45 44
4   32 33 34 45
4   35 36 41 42

4   11 12 35 34
4   13 14 37 36
4   14 15 38 37
4   15 16 39 38
4   16 17 40 39
4   17 18 41 40
4   18 13 36 41
4   19 12 35 42
4   19 20 43 42
4   20 21 44 43
4   21 22 45 44
4   22 11 34 45
