46 45
57 32 0     57 58 0     60 58 0     68 58 0
71 55 0     71 47 0     69 45 0     71 43 0
71 34 0     69 32 0     60 32 0

60 35 0     60 44 0     60 46 0     60 54 0
66 54 0     68 52 0     68 48 0     66 46 0
66 44 0     68 42 0     68 39 0     67 35 0

57 32 10     57 58 10     60 58 10     68 58 10
71 55 10     71 47 10     69 45 10     71 43 10
71 34 10     69 32 10     60 32 10

60 35 10     60 44 10     60 46 10     60 54 10
66 54 10     68 52 10     68 48 10     66 46 10
66 44 10     68 42 10     68 39 10     67 35 10

4   1 0 0   0 10 2 1
4   1 0 0   2 14 15 3
4   1 0 0   3 15 16 4
4   1 0 0   4 16 17 5
4   1 0 0   5 17 18 6
3   1 0 0   6 18 19
4   1 0 0   6 19 20 7
4   1 0 0   7 20 21 8
4   1 0 0   8 21 22 9
4   1 0 0   9 22 11 10
4   1 0 0   12 19 18 13

4   0 1 0   0 1 24 23
4   0 1 0   1 2 25 24
4   0 1 0   2 3 26 25
4   0 1 0   3 4 27 26
4   0 1 0   4 5 28 27
4   0 1 0   5 6 29 28
4   0 1 0   6 7 30 29
4   0 1 0   7 8 31 30
4   0 1 0   8 9 32 31
4   0 1 0   9 10 33 32
4   0 1 0   10 0 23 33

4   0 0 1   23 24 25 33
4   0 0 1   25 26 38 37
4   0 0 1   26 27 39 38
4   0 0 1   27 28 40 39
4   0 0 1   28 29 41 40
3   0 0 1   29 42 41
4   0 0 1   29 30 43 42
4   0 0 1   30 31 44 43
4   0 0 1   31 32 45 44
4   0 0 1   32 33 34 45
4   0 0 1   35 36 41 42

4   1 0 1   11 34 35 12
4   1 0 1   13 36 37 14
4   1 0 1   14 37 38 15
4   1 0 1   15 38 39 16
4   1 0 1   16 39 40 17
4   1 0 1   17 40 41 18
4   1 0 1   18 41 36 13
4   1 0 1   19 42 35 12
4   1 0 1   19 42 43 20
4   1 0 1   20 43 44 21
4   1 0 1   21 44 45 22
4   1 0 1   22 45 34 11
