28 26
27 32 0     27 58 0     30 58 0     37 58 0   
42 53 0     42 37 0     37 32 0     30 32 0    

30 36 0     30 54 0     35 54 0     39 50 0
39 40 0     35 36 0

27 32 10     27 58 10     30 58 10     37 58 10  
42 53 10     42 37 10     37 32 10     30 32 10    

30 36 10     30 54 10     35 54 10     39 50 10
39 40 10     35 36 10

4   1 0 1   9 23 24 10
4   1 0 1   10 24 25 11
4   1 0 1   11 25 26 12
4   1 0 1   12 26 27 13
4   1 0 1   13 27 22 8 
4   1 0 1   8 22 23 9

4   1 0 0   0 7 2 1
4   1 0 0   2 9 10 3
4   1 0 0   3 10 11 4
4   1 0 0   4 11 12 5
4   1 0 0   5 12 13 6
4   1 0 0   6 13 8 7

4   0 0.8 0   0 1 15 14
4   0 0.8 0   1 2 16 15
4   0 0.8 0   2 3 17 16
4   0 0.8 0   3 4 18 17
4   0 0.8 0   4 5 19 18
4   0 0.8 0   5 6 20 19
4   0 0.8 0   6 7 21 20
4   0 0.8 0   7 0 14 21

4   0 0 1   14 15 16 21
4   0 0 1   16 17 24 23
4   0 0 1   17 18 25 24
4   0 0 1   18 19 26 25
4   0 0 1   19 20 27 26
4   0 0 1   20 21 22 27
