28 26
27 32 0     27 58 0     30 58 0     37 58 0   
42 53 0     42 37 0     37 32 0     30 32 0    

30 36 0     30 54 0     35 54 0     39 50 0
39 40 0     35 36 0

27 32 10     27 58 10     30 58 10     37 58 10  
42 53 10     42 37 10     37 32 10     30 32 10    

30 36 10     30 54 10     35 54 10     39 50 10
39 40 10     35 36 10

4   0 1 2 7
4   2 3 10 9
4   3 4 11 10
4   4 5 12 11
4   5 6 13 12
4   6 7 8 13

4   0 1 15 14
4   1 2 16 15
4   2 3 17 16
4   3 4 18 17
4   4 5 19 18
4   5 6 20 19
4   6 7 21 20
4   7 0 14 21

4   14 15 16 21
4   16 17 24 23
4   17 18 25 24
4   18 19 26 25
4   19 20 27 26
4   20 21 22 27

4   9 10 24 23
4   10 11 25 24
4   11 12 26 25
4   12 13 27 26
4   13 8 22 27 
4   7 2 16 21